-1.000000000000000000e+00
4.654912394873168546e-01
-1.000000000000000000e+00
-5.081575707971074385e-01
1.000000000000000000e+00
-2.582913773904628174e-01
9.108867064016696879e-01
1.000000000000000000e+00
-1.000000000000000000e+00
-1.610023955163685794e-01
-3.903801088217082604e-01
8.405413139434292358e-01
7.209723396372686999e-01
-3.216334334112763704e-01
1.000000000000000000e+00
4.851295888049410587e-01
1.000000000000000000e+00
-6.241874221626129149e-01
9.043919629463137433e-01
-4.088670337057130899e-01
-7.923044839952084750e-01
-3.488748247490133236e-01
-1.000000000000000000e+00
-9.144485970747791015e-01
-1.000000000000000000e+00
4.229082439613984779e-01
1.000000000000000000e+00
7.002109177990933908e-01
5.700446566651860003e-01
9.372658334251682266e-01
8.848872202434754364e-01
5.037942803701778161e-01
5.248231696169336491e-01
-9.184469012198916982e-01
8.266392638731039355e-01
2.206962736403317304e-02
6.565453709963893214e-01
-1.000000000000000000e+00
-1.000000000000000000e+00
7.982778588282593013e-01
4.834585627553970033e-01
1.000000000000000000e+00
-1.626483381258172489e-01
-4.705774742094567253e-01
-1.000000000000000000e+00
-1.000000000000000000e+00
-6.653022571477675839e-01
6.540178734174457720e-01
-1.000000000000000000e+00
9.218887323141564671e-01
-3.162046503878396253e-02
-3.177722363251594406e-01
1.000000000000000000e+00
-1.000000000000000000e+00
-3.196707407636603104e-01
-7.397702293952584940e-02
4.732586271084450180e-01
-1.000000000000000000e+00
1.000000000000000000e+00
5.087724748606047287e-01
-4.251855134799791269e-01
-1.000000000000000000e+00
2.385012925882000756e-01
6.147601738983473618e-01
-5.282437023987364144e-01
1.000000000000000000e+00
1.000000000000000000e+00
3.198957721526736186e-01
7.562948219403917705e-01
6.993705696512881875e-01
-1.000000000000000000e+00
3.861361075068499016e-01
5.851685631397391951e-01
2.297915082180412849e-02
-5.283867472201475568e-01
-7.708935042323287190e-01
-1.000000000000000000e+00
-8.986820338595562507e-01
-1.000000000000000000e+00
8.876588268315463992e-01
3.801377226600364256e-01
6.710402880461910913e-01
-1.000000000000000000e+00
-5.043938161769698780e-01
-1.000000000000000000e+00
-1.000000000000000000e+00
-9.272857296632501800e-01
-2.801953373637947053e-01
-1.000000000000000000e+00
-2.906009497975731160e-01
6.630197224159672942e-02
-4.886797585054430404e-01
1.001843690367030248e-01
9.882821538078343515e-01
9.970999956367643247e-01
-4.392051419052745986e-01
3.202843068047267483e-02
-1.000000000000000000e+00
-3.588599938529273281e-01
-1.000000000000000000e+00
2.888687922254527980e-03
6.854041493594771328e-01
5.736498842020243405e-02
-1.000000000000000000e+00
5.520002115226028128e-01
7.578833784408479657e-01
-1.000000000000000000e+00
5.366536520963131052e-01
-1.000000000000000000e+00
8.075049689396089914e-01
7.617410715298832402e-01
9.615611633159976135e-01
-4.148646418393227564e-01
1.000000000000000000e+00
-1.975628557840214961e-01
-2.904121670185200732e-01
-1.000000000000000000e+00
-2.210246826047778113e-01
-1.236645578753451935e-01
-3.225296666839577719e-02
-8.659543081061873426e-01
1.162765703370812753e-01
1.000000000000000000e+00
9.808381226281714937e-01
3.454581792391758777e-01
-5.358339722241054481e-01
1.974286773793016425e-01
-1.000000000000000000e+00
-2.100166657824230620e-01
1.000000000000000000e+00
3.839289632173673583e-01
1.000000000000000000e+00
-1.000000000000000000e+00
-1.000000000000000000e+00
-7.918142279439386311e-01
-6.547260839953992217e-01
-1.000000000000000000e+00
8.990514370192108640e-01
-8.037365015262123435e-01
-1.231413296978952077e-01
1.121402294582105885e-01
-8.667366056890463133e-02
9.405821020582696979e-02
-2.685358918260479788e-01
2.024696334768127937e-02
-2.406094887008415339e-01
6.738765035770478695e-01
7.167750311900356053e-02
1.034388140120254262e-01
-9.678535267315856450e-01
-1.150852315204655973e-01
-6.722794503414916134e-01
-1.000000000000000000e+00
-1.836670076041932165e-01
5.766076220562245114e-01
-1.562224396058272680e-01
6.795680304946403183e-01
-8.507033354977535655e-01
-9.759821198973739342e-01
-5.678659373911953967e-02
5.494766608482037906e-01
-1.000000000000000000e+00
1.000000000000000000e+00
7.667321848955992447e-01
-2.750490636449954285e-01
-1.443051817318363739e-01
-1.000000000000000000e+00
8.282836332040189875e-01
1.000000000000000000e+00
2.301239572379938925e-01
-1.000000000000000000e+00
-7.982253105213372724e-01
1.989130526100524321e-02
-6.508160666299467323e-01
1.353161453802480541e-01
3.764289845525303768e-02
4.865540505471686039e-01
6.119365373369460848e-01
8.162281591063134112e-01
-1.000000000000000000e+00
-5.637224327328759221e-01
1.000000000000000000e+00
-3.949622302159719878e-01
5.485251061665100125e-03
-1.000000000000000000e+00
-1.000000000000000000e+00
1.000000000000000000e+00
-1.000000000000000000e+00
1.000000000000000000e+00
-1.734147802123439663e-01
-9.770528670854239373e-01
2.689403291404506291e-01
-3.607316809949741576e-01
1.000000000000000000e+00
9.932688124162692561e-03
5.376881415336434711e-02
8.155145509421179995e-01
1.000000000000000000e+00
1.000000000000000000e+00
1.670851290421643265e-02
5.147748267647466180e-01
4.384428648904819537e-01
1.000000000000000000e+00
1.000000000000000000e+00
2.977102307619113875e-01
-1.777293074518313254e-01
5.595164681329100054e-01
-7.161379455758831725e-01
-7.916889651619674062e-01
8.227313980217283440e-01
-8.802665059151432159e-02
-4.761860502186940902e-01
-1.000000000000000000e+00
-6.029667234804134690e-01
-5.552223974542702667e-01
1.000000000000000000e+00
8.888175600429988332e-01
7.458829317012141136e-01
6.839404847293837353e-01
3.102324865704494949e-02
-4.543462366995708601e-01
1.000000000000000000e+00
-4.255059181708850113e-01
1.000000000000000000e+00
-3.095121978466719437e-02
-2.538337508623385030e-01
1.742736465235756316e-01
1.813935777729994703e-01
1.902988959265827229e-01
1.758383007273922605e-02
5.423885249364501782e-01
1.000000000000000000e+00
-8.883654543132299963e-01
1.000000000000000000e+00
1.000000000000000000e+00
9.077812443356605421e-01
1.858882016371610213e-02
4.439931079682265525e-01
-1.618140007593117380e-01
-1.000000000000000000e+00
9.525820667132232078e-01
-1.000000000000000000e+00
5.291580940786845266e-01
-4.861519380080640551e-01
9.940094488322182009e-01
-1.000000000000000000e+00
-9.865586744410130837e-01
-7.510894074537566301e-02
-5.067599604968043847e-01
-2.062833042591836752e-01
1.000000000000000000e+00
7.853612407259963346e-01
-1.723583709709683442e-01
5.794677611264058559e-01
-8.820803715491452035e-01
2.436889137476062062e-01
-1.000000000000000000e+00
7.659610222568988824e-01
-3.269121389708953274e-01
1.000000000000000000e+00
-1.000000000000000000e+00
2.408226442532357403e-01
-1.000000000000000000e+00
3.069442886735853082e-01
5.126297183923478329e-01
